TASK 1:
    Accuracy:
        0.4040

    Avg precision:
        0.3498

    Avg recall:
        0.3395

    Confusion matrix:
        13     1     3     1     0     0     0     2     0     0
        1    12     4     1     0     0     1     0     1     0
        4     1    10     0     0     0     2     0     0     3
        0     1     1     5     2     2     2     1     4     2
        3     2     1     3     7     1     0     0     1     2
        1     0     0     1     1    14     2     0     0     0
        2     5     5     2     1     1     1     1     0     2
        2     6     0     0     1     0     2     8     0     1
        2     4     1     2     1     1     3     0     3     2
        2     1     0     3     1     2     0     2     2     7

    Precision (per class):
        0.3636
        0.4000
        0.2778
        0.5000
        0.6667
        0.0769
        0.5714
        0.2727
        0.3684
            0

    Recall (per class):
        0.6000
        0.5000
        0.2500
        0.3500
        0.7368
        0.0500
        0.4000
        0.1579
        0.3500
            0

TASK 1 - NEW:
    Accuracy:
        0.4495

    Avg precision:
        0.3839

    Avg recall:
        0.3805

    Confusion matrix:
        14     0     3     1     0     0     0     2     0     0
        0    15     2     1     0     0     2     0     0     0
        3     3     7     1     1     0     3     0     0     2
        1     3     1     8     2     0     1     0     2     2
        2     1     1     3     6     1     0     1     3     2
        0     0     0     1     0    15     1     0     1     1
        2     5     4     2     2     0     1     3     0     1
        3     3     2     0     1     0     1    10     0     0
        0     1     3     3     3     0     1     1     6     1
        2     1     0     2     2     2     1     2     1     7

    Precision (per class):
        0.4688
        0.3043
        0.3636
        0.3529
        0.8333
        0.0909
        0.5263
        0.4615
        0.4375
            0

    Recall (per class):
        0.7500
        0.3500
        0.4000
        0.3000
        0.7895
        0.0500
        0.5000
        0.3158
        0.3500
            0